0 1 2 4294967295 4294967295 4294967295 4294967295
0 1 4294967295 4294967295 4294967295 4294967295 4294967295
1 2 4294967295 4294967295 4294967295 4294967295 4294967295
1 2 4294967295 4294967295 4294967295 4294967295 4294967295
2 3 4294967295 4294967295 4294967295 4294967295 4294967295
2 3 4294967295 4294967295 4294967295 4294967295 4294967295
3 4 4294967295 4294967295 4294967295 4294967295 4294967295
3 4 4294967295 4294967295 4294967295 4294967295 4294967295
4 5 4294967295 4294967295 4294967295 4294967295 4294967295
4 5 4294967295 4294967295 4294967295 4294967295 4294967295
5 6 4294967295 4294967295 4294967295 4294967295 4294967295
5 6 4294967295 4294967295 4294967295 4294967295 4294967295
6 7 4294967295 4294967295 4294967295 4294967295 4294967295
