0 1 2 4294967295 4294967295 4294967295 4294967295
0 1 4294967295 4294967295 4294967295 4294967295 4294967295
0 1 4294967295 4294967295 4294967295 4294967295 4294967295
0 1 4294967295 4294967295 4294967295 4294967295 4294967295
0 1 4294967295 4294967295 4294967295 4294967295 4294967295
0 1 4294967295 4294967295 4294967295 4294967295 4294967295
0 1 4294967295 4294967295 4294967295 4294967295 4294967295
0 1 4294967295 4294967295 4294967295 4294967295 4294967295
0 1 4294967295 4294967295 4294967295 4294967295 4294967295
0 1 4294967295 4294967295 4294967295 4294967295 4294967295
0 1 4294967295 4294967295 4294967295 4294967295 4294967295
0 1 4294967295 4294967295 4294967295 4294967295 4294967295
0 1 4294967295 4294967295 4294967295 4294967295 4294967295
